.Random.seed <-
c(403L, 10L, -1340401525L, -1855545158L, 259929020L, -1855821569L, 
258718805L, -952481940L, 229210050L, -112000995L, 598950039L, 
-43106818L, 1404308920L, 209895835L, 118065145L, -599175352L, 
1623677558L, 1474532273L, 1706462691L, 2091307698L, -162124028L, 
-203942841L, -1364712675L, -926860908L, -1494418118L, -1774984827L, 
-610225569L, -196225818L, 2112694128L, -1043142509L, -1351932623L, 
494138336L, 1962221694L, -1994392823L, -2078597829L, 1533817098L, 
-1623006996L, -1703490193L, 2093847205L, -1741345700L, 1362996274L, 
-40572115L, -1103416857L, 1550798094L, -1705909528L, 678931691L, 
-317725303L, 1333671192L, -1527187386L, 1716281505L, -1157716173L, 
1996043938L, -1513388652L, -1521365993L, 296115213L, -1564575452L, 
1368151306L, 772879477L, 1427627983L, 786792662L, 1945518208L, 
221544131L, -2137208735L, -1369671472L, -473484754L, -1716694055L, 
-2079237141L, 530758234L, -461124580L, -344778465L, -1922987659L, 
-94304244L, -2039950878L, -731534659L, -1884363465L, 843074014L, 
515165976L, -2038921605L, -361839591L, 259749032L, 282198L, 629140177L, 
1412762243L, 208912658L, 914711716L, 1470542951L, -1004847683L, 
1113767732L, 1249565850L, 804594405L, -1077420929L, -1453631994L, 
497738128L, 1158782003L, 76821457L, 1104836992L, 1945588830L, 
1095336873L, 1995561563L, -1280393622L, 832897804L, -447486641L, 
-27025915L, -468835140L, 53302674L, -1307701619L, 148276423L, 
2012570030L, -179680248L, -1834450933L, -2068794135L, 1867109304L, 
1551637606L, 1985674497L, -194471021L, -431735742L, -18578444L, 
-304607753L, 452088301L, 795304580L, 1074025642L, 160940565L, 
1177370287L, 112819382L, -809481504L, -523143645L, 855210305L, 
-971643856L, -101384626L, 1593535161L, 936136395L, 2097428346L, 
-781468036L, -310297921L, 1118722965L, -2022401108L, 118788482L, 
1254643549L, 1036368471L, -1851051714L, -1631760008L, 817539675L, 
-936288839L, -554467320L, -1702837578L, -1816733199L, -788361181L, 
1455468658L, 542741188L, -1627159417L, -1599719331L, 1141431892L, 
349641850L, -1024473147L, 1797736735L, 558925990L, -505304528L, 
2022764755L, -2098823439L, -922870240L, 427927742L, 1676946633L, 
-1358657925L, -1337523126L, -1508520788L, -626287697L, -84844699L, 
873231644L, 66248050L, -1240001043L, -1578976729L, 1419631182L, 
2124783272L, 1900098731L, -987974199L, -824116776L, -434114426L, 
802585953L, -1572859661L, 873422690L, -518301228L, 1881418967L, 
1403088589L, 1203586660L, -1305426870L, -369471051L, 1748032783L, 
1470683670L, 1807463616L, -1390243197L, -528957791L, 543010960L, 
-727557266L, 1949566233L, 147862955L, -1981721702L, 419122012L, 
487787103L, 1750594101L, -600466996L, 1478226210L, 725775229L, 
-1076555657L, -800467554L, -1271354280L, 683874747L, 1952669529L, 
-1832002328L, -1136327402L, -1700850031L, 1797053251L, -382466478L, 
978299108L, 1784036135L, -2052583555L, -2123439500L, -233964454L, 
184681637L, 1774411455L, 3261766L, -1151743024L, 17843699L, -124407535L, 
1442651456L, 2071846174L, -770848279L, -703665381L, -28740310L, 
-814993844L, -491682830L, 2140320896L, 1105920244L, 1010196616L, 
1394823482L, 1506882384L, 1794031724L, 808737940L, 658793810L, 
150975200L, 755133644L, -906453856L, 185081218L, 1239026920L, 
393850092L, -1008703428L, 898075762L, -800195472L, -1573080540L, 
1252709944L, -1037544934L, 139941072L, -704698820L, 187752596L, 
-1668027262L, 328485824L, 553759036L, 465071760L, -2044689374L, 
-844386296L, 521221260L, 531645468L, -800821102L, -1799232384L, 
-223470572L, 266950440L, 268617786L, 91830480L, 446625900L, 367857332L, 
-1872270318L, -338275360L, -2113707060L, -1699012128L, -334354398L, 
-1551047384L, -173821684L, -312958404L, -567674638L, -1770256L, 
-684566716L, 684399704L, 1493792314L, 940986608L, 2045245116L, 
-1910386156L, 273972418L, -23917984L, 1317265788L, -2041295664L, 
-809670622L, 1141339304L, -192077428L, 1012339132L, -745862094L, 
-766683328L, -1102228812L, 1716534600L, -1130834246L, 758612752L, 
-1070950164L, 615853140L, -55293166L, -569201248L, 989312972L, 
814658400L, -1961993022L, -1400159704L, 506576300L, -555398340L, 
2134695794L, -1714028752L, 1653441572L, -1850981832L, -50575654L, 
-714931312L, 891689212L, -1051336300L, -323673278L, 1494915584L, 
363029564L, -1391662512L, 886047906L, -868812984L, 603143692L, 
-1358922020L, 1796636754L, 1635287168L, 1828920148L, 1154393064L, 
-1703845126L, 1779048272L, 1618853932L, 1608921460L, 115905170L, 
-1949113760L, -1438710644L, 633206112L, -232437534L, -1179451224L, 
1804004044L, -1501927940L, -1287848014L, 881219568L, -1528347196L, 
949393752L, 310850938L, -1763973712L, 1326934460L, -1727563180L, 
702565826L, -1233175776L, -78378052L, 448775248L, 998645730L, 
1724064616L, -1555306676L, -1078068484L, 1495153394L, -2035650304L, 
-1581984652L, 299620872L, 1673947578L, 1666693584L, 1139715052L, 
-133789804L, 2098670802L, 2020591712L, -1569808052L, -2135955680L, 
-1195857278L, 1354287592L, -724134932L, 1680137788L, -1253991822L, 
-196190352L, 2098139428L, 550686264L, -939336294L, -1937869360L, 
275517884L, 1285841556L, 897169026L, -588082752L, -1864335556L, 
-1966246256L, -8826078L, 174638600L, 1269282572L, -1389758564L, 
-119332846L, 655565696L, -1393336556L, 8358184L, -1800036294L, 
-1600940080L, 546957932L, 1792674868L, -268004206L, -715588256L, 
1542385996L, -1984779808L, -1609285726L, 916524968L, -2132020084L, 
-277122116L, -803088270L, -84216848L, -1921630140L, -1642769320L, 
593530938L, -84459408L, -776932804L, 370637588L, 17006274L, -807862560L, 
176551036L, 1022705872L, -183028830L, -657124824L, -230218484L, 
-1498440772L, 610452786L, 1123192000L, 215801396L, -5548344L, 
480417466L, 102162576L, 1423211244L, -1437554092L, -240398702L, 
579762976L, -2080412724L, -1501889312L, 2076109506L, 1738219560L, 
-507180116L, 1821547196L, 52446706L, 460826160L, 838610852L, 
-255916616L, -1682915494L, 314071184L, -159167620L, -1900993772L, 
1234436418L, -1393704192L, -1536405572L, -1575455920L, -953600734L, 
-1406476728L, 617932812L, 742789212L, -1865500206L, 1505671680L, 
-1553841836L, 1240603925L, 978834751L, -567850792L, 426072310L, 
-1674886397L, 1350538309L, -1249203102L, 956345296L, -1183801095L, 
439011883L, -791292516L, -362877494L, -478830913L, 1267040265L, 
-1006821090L, -160062260L, -1111330659L, -2085026521L, 1578637136L, 
1572362734L, 1612836507L, 1367433469L, 1236043754L, 1910718600L, 
1060109873L, 1120295075L, -1525576540L, 44379474L, 59386023L, 
-2010088207L, -1304605642L, 934765780L, 40609893L, -1010757009L, 
1150831784L, 1758161414L, -1715590349L, 1493614485L, -1865114638L, 
1905520704L, 1660375465L, -1636990949L, 2116857324L, -1683485190L, 
883636783L, -522553799L, 142057550L, -1222162276L, 1725450765L, 
-465164681L, 254951040L, 150789342L, -504348757L, 1235906733L, 
-515316454L, -1272626728L, -844400063L, -93376269L, -1878257900L, 
-1011226974L, 1843306423L, 181808001L, 1931663750L, 1865071556L, 
1833051893L, -692489377L, 1714462136L, 70821014L, 1390484131L, 
147520613L, 1406085506L, 1847915248L, 1484613273L, -129078645L, 
-697521284L, 1677495722L, 1282434527L, -551095447L, -1570688130L, 
-1103582356L, -1873485891L, -1111774073L, -506109840L, -1434055922L, 
708749371L, -545904867L, -428292662L, -639516952L, 1702384081L, 
580674499L, -215204668L, -2083880078L, -1669177785L, -2116289007L, 
-1017606250L, -1059163404L, -712248187L, 1888643535L, -1001423672L, 
2040327526L, 1410191251L, 557748469L, -848160558L, 1841276704L, 
-346847479L, -1286164421L, 2135434636L, 735206426L, 1330778255L, 
-666638375L, -1550497682L, -2090742788L, 657725805L, 1998926615L, 
657552096L, 562081982L, -347488629L, -1674140403L, -618878662L, 
-1849132680L, -1527629023L, -1916703789L, 1881838324L, 1760344962L, 
-1465669097L, 1387915489L, 1953539622L, -886456540L, -402034731L, 
-526698625L, 1681162776L, 634421558L, -516493373L, 1416039941L, 
-104325726L, -1329290864L, -1586153159L, 496090603L, 891371228L, 
-82277622L, 1866049023L, 840236105L, 1973370334L, 1568771468L, 
1310382429L, -1061138073L, -24587632L, 1643490478L, 506199387L, 
